3.0 0.0008573926279494026 7.357682297720006e-05 0.0007989189151882096 8.408377097757192e-05
4.0 0.005361128180833083 0.0002623572629867803 0.00554844607375052 0.00019289324959583052
5.0 0.01835747599930183 0.0004080897224101529 0.01819076500476821 0.00018389550671008698
6.0 0.043161481490378996 0.0007134197271938883 0.04284717047395181 0.0007978491068047142
7.0 0.07979927934596048 0.0010453738233647675 0.078998189805018 0.0009291448225749732
8.0 0.12062443674591239 0.0010172911134935514 0.12138005675250885 0.0010909281571659102
9.0 0.16868345534640478 0.002031854385980164 0.16758725144626954 0.001135016103307518
10.0 0.2145275438644378 0.001867169489319087 0.21517606824925473 0.001289538101229254
11.0 0.2580063966671681 0.0009492154733086178 0.2595013740249246 0.001129433420782533
12.0 0.30289198797123323 0.0020937385172782874 0.30253269758820117 0.001310878433569973
13.0 0.34043715078308695 0.0019046784804384598 0.34099392600494904 0.0010276183305299447
14.0 0.37740504084931725 0.0014499644384795563 0.37736043868793895 0.0013418253064771957
15.0 0.41120711533188575 0.0018697095116850249 0.4099418477863933 0.0009935807622320492
